0,519
85,4
85,3
85,2
85,1
85,0
84,4
84,3
84,2
84,1
84,0
83,7
83,6
83,5
83,4
83,3
83,2
83,1
83,0
82,6
82,5
82,4
82,3
82,2
82,1
82,0
0,518
0,517
0,516
0,515
0,514
0,513
81,5
81,4
81,3
81,2
0,512
81,1
81,0
0,511
80,4
80,3
80,2
0,510
80,1
80,0
0,509
0,508
79,4
79,3
79,2
0,507
79,1
79,0
0,506
0,505
0,472
78,4
78,3
78,2
78,1
78,0
77,4
77,3
77,2
77,1
77,0
76,3
76,2
76,1
76,0
75,3
75,2
75,1
75,0
74,3
74,2
74,1
74,0
73,3
73,2
73,1
73,0
72,3
72,2
72,1
72,0
71,3
71,2
71,1
71,0
70,3
70,2
70,1
70,0
51,2
51,0
51,1
51,3
50,2
50,0
50,1
50,3
60,2
60,0
35,2
35,0
35,1
35,3
69,49
69,48
69,47
69,46
69,45
69,44
69,43
69,42
69,41
69,40
69,39
69,38
69,37
69,36
69,35
10,23
10,107
10,315
10,297
10,243
10,11
10,17
11,11
11,17
8,12
8,15
8,16
